[gd_scene load_steps=82 format=3 uid="uid://bnvjspnflyxh"]

[ext_resource type="PackedScene" uid="uid://lvl0jvu6h5j" path="res://scenes/objects/player.tscn" id="1_dd0lh"]
[ext_resource type="Material" uid="uid://xhnl4bmbbajh" path="res://resources/shader_materials/water_mat.tres" id="2_bfxgj"]
[ext_resource type="PackedScene" uid="uid://bjjceeyq3csc3" path="res://scenes/objects/daytime_cycle.tscn" id="3_dywbp"]
[ext_resource type="Material" uid="uid://3k13k1r7ga8i" path="res://resources/materials/white_rock_generic.tres" id="4_1seuy"]
[ext_resource type="PackedScene" uid="uid://dffaqvr7m7y0y" path="res://scenes/objects/sleeping_dragon.tscn" id="4_bfxgj"]
[ext_resource type="Material" uid="uid://dn7ix2kie4cga" path="res://resources/materials/sand_generic.tres" id="5_2r1tl"]
[ext_resource type="PackedScene" path="res://scenes/objects/shrine.tscn" id="6_bw3ef"]
[ext_resource type="Script" uid="uid://dqb4b5nqqeisu" path="res://addons/proton_scatter/src/scatter.gd" id="6_sbmf2"]
[ext_resource type="Script" uid="uid://b45ka857g3jdb" path="res://addons/proton_scatter/src/stack/modifier_stack.gd" id="7_1xax6"]
[ext_resource type="Script" uid="uid://cckgw3bp0w5iy" path="res://addons/proton_scatter/src/modifiers/base_modifier.gd" id="8_g7tkf"]
[ext_resource type="Script" uid="uid://cn1fbm8aiffm2" path="res://addons/proton_scatter/src/modifiers/create_inside_random.gd" id="9_4fww7"]
[ext_resource type="Script" uid="uid://ckmaogtuiwsav" path="res://addons/proton_scatter/src/modifiers/randomize_transforms.gd" id="10_gvm5i"]
[ext_resource type="Script" uid="uid://cem01poijiab8" path="res://addons/proton_scatter/src/modifiers/relax.gd" id="11_jrfo0"]
[ext_resource type="Script" uid="uid://bsb5w2g2ujg6y" path="res://addons/proton_scatter/src/modifiers/project_on_geometry.gd" id="12_db1r7"]
[ext_resource type="Script" uid="uid://dyaitfltk54ve" path="res://addons/proton_scatter/src/scatter_item.gd" id="13_6gwlt"]
[ext_resource type="Script" uid="uid://pfxxp61wyi71" path="res://addons/proton_scatter/src/scatter_shape.gd" id="14_c2nc4"]
[ext_resource type="Script" uid="uid://clewe4ga5ljbp" path="res://addons/proton_scatter/src/shapes/box_shape.gd" id="15_1xax6"]
[ext_resource type="PackedScene" uid="uid://devhskeyhdq7r" path="res://scenes/objects/shipwreck.tscn" id="15_ps2vj"]
[ext_resource type="Script" uid="uid://bmbv8wopn2cti" path="res://addons/proton_scatter/src/shapes/path_shape.gd" id="16_6gwlt"]
[ext_resource type="Script" uid="uid://b2xeovxrqw6sq" path="res://addons/proton_scatter/src/shapes/sphere_shape.gd" id="17_c2nc4"]
[ext_resource type="PackedScene" uid="uid://t08t0gj78dqw" path="res://scenes/objects/foliage/trees/normal_tree_1.tscn" id="18_jrfo0"]
[ext_resource type="PackedScene" uid="uid://ckh0mxsj2hlxf" path="res://scenes/objects/foliage/trees/normal_tree_3.tscn" id="20_6gwlt"]
[ext_resource type="PackedScene" uid="uid://dhda7a7xxj0py" path="res://scenes/objects/foliage/trees/normal_tree_4.tscn" id="21_c2nc4"]
[ext_resource type="PackedScene" uid="uid://bcfqqity88im2" path="res://scenes/objects/campfire.tscn" id="21_vhxpm"]
[ext_resource type="PackedScene" uid="uid://blvwvcustlrfk" path="res://scenes/particles/firefly_field.tscn" id="22_jqv5m"]
[ext_resource type="PackedScene" uid="uid://4ppy1a3kq6d4" path="res://scenes/objects/foliage/trees/dead_tree_2.tscn" id="24_07dy8"]
[ext_resource type="PackedScene" uid="uid://w7bxkx6acim1" path="res://scenes/objects/barrel_normal.tscn" id="24_vhxpm"]
[ext_resource type="PackedScene" uid="uid://b4w8ceqo5uhqh" path="res://scenes/objects/foliage/trees/normal_tree_5.tscn" id="25_3gp1u"]
[ext_resource type="PackedScene" uid="uid://e5xx5yecfnj" path="res://scenes/objects/barrel_explosive.tscn" id="25_arkx4"]
[ext_resource type="PackedScene" uid="uid://b8v6e3mmd7pyg" path="res://scenes/objects/Ladder.tscn" id="26_arkx4"]

[sub_resource type="PlaneMesh" id="PlaneMesh_1seuy"]
material = ExtResource("2_bfxgj")
size = Vector2(10000, 10000)
subdivide_width = 1000
subdivide_depth = 1000

[sub_resource type="StandardMaterial3D" id="StandardMaterial3D_dd0lh"]
albedo_color = Color(0.972882, 0.0814414, 0.0520349, 1)

[sub_resource type="Resource" id="Resource_bw3ef"]
script = ExtResource("9_4fww7")
amount = 5000
enabled = true
override_global_seed = false
custom_seed = 0
restrict_height = true
reference_frame = 1

[sub_resource type="Resource" id="Resource_07dy8"]
script = ExtResource("10_gvm5i")
position = Vector3(0.15, 0.15, 0.15)
rotation = Vector3(20, 360, 20)
scale = Vector3(0.1, 0.1, 0.1)
enabled = true
override_global_seed = false
custom_seed = 0
restrict_height = false
reference_frame = 2

[sub_resource type="Resource" id="Resource_y71nm"]
script = ExtResource("11_jrfo0")
iterations = 3
offset_step = 0.2
consecutive_step_multiplier = 0.75
use_computeshader = true
enabled = true
override_global_seed = false
custom_seed = 0
restrict_height = true
reference_frame = 0

[sub_resource type="Resource" id="Resource_6d4iq"]
script = ExtResource("12_db1r7")
ray_direction = Vector3(0, -1, 0)
ray_length = 5.0
ray_offset = 5.0
remove_points_on_miss = false
align_with_collision_normal = false
max_slope = 90.0
collision_mask = 1
exclude_mask = 6
enabled = true
override_global_seed = false
custom_seed = 0
restrict_height = false
reference_frame = 0

[sub_resource type="Resource" id="Resource_agrr7"]
script = ExtResource("7_1xax6")
stack = Array[ExtResource("8_g7tkf")]([SubResource("Resource_bw3ef"), SubResource("Resource_07dy8"), SubResource("Resource_y71nm"), SubResource("Resource_6d4iq")])

[sub_resource type="Resource" id="Resource_6gwlt"]
script = ExtResource("15_1xax6")
size = Vector3(21.5407, 1, 21.3808)
metadata/_custom_type_script = "uid://clewe4ga5ljbp"

[sub_resource type="Curve3D" id="Curve3D_07dy8"]
_data = {
"points": PackedVector3Array(0, 0, 0, 0, 0, 0, -10.6687, 0, 11.1682, 0, 0, 0, 0, 0, 0, -8.97615, 0, 11.0453, 0, 0, 0, 0, 0, 0, -6.19629, 0, 10.6966, 0, 0, 0, 0, 0, 0, -3.08327, 0, 10.3, 0, 0, 0, 0, 0, 0, 0.253889, 0, 9.80331, 0, 0, 0, 0, 0, 0, 0.00635242, 0, 8.43174, 0, 0, 0, 0, 0, 0, -0.153195, 0, 7.52847, 0, 0, 0, 0, 0, 0, -0.0492067, 0, 6.90423, 0, 0, 0, 0, 0, 0, 0.419199, 0, 6.74832, 0, 0, 0, 0, 0, 0, 8.98869, 0, 5.36729, 0, 0, 0, 0, 0, 0, 10.4528, 0, 4.88128),
"tilts": PackedFloat32Array(0, 0, 0, 0, 0, 0, 0, 0, 0, 0, 0)
}
point_count = 11

[sub_resource type="Resource" id="Resource_3gp1u"]
script = ExtResource("16_6gwlt")
closed = true
thickness = 2.0
curve = SubResource("Curve3D_07dy8")
metadata/_custom_type_script = "uid://bmbv8wopn2cti"

[sub_resource type="Resource" id="Resource_igeo0"]
script = ExtResource("17_c2nc4")
radius = 3.16713
metadata/_custom_type_script = "uid://b2xeovxrqw6sq"

[sub_resource type="Resource" id="Resource_nm6kf"]
script = ExtResource("9_4fww7")
amount = 10
enabled = true
override_global_seed = false
custom_seed = 0
restrict_height = true
reference_frame = 1

[sub_resource type="Resource" id="Resource_88m6t"]
script = ExtResource("10_gvm5i")
position = Vector3(0.15, 0.15, 0.15)
rotation = Vector3(20, 360, 20)
scale = Vector3(0.1, 0.1, 0.1)
enabled = true
override_global_seed = false
custom_seed = 0
restrict_height = false
reference_frame = 2

[sub_resource type="Resource" id="Resource_oub7f"]
script = ExtResource("11_jrfo0")
iterations = 3
offset_step = 0.2
consecutive_step_multiplier = 0.75
use_computeshader = true
enabled = true
override_global_seed = false
custom_seed = 0
restrict_height = true
reference_frame = 0

[sub_resource type="Resource" id="Resource_p5q6g"]
script = ExtResource("12_db1r7")
ray_direction = Vector3(0, -1, 0)
ray_length = 5.0
ray_offset = 5.0
remove_points_on_miss = false
align_with_collision_normal = false
max_slope = 90.0
collision_mask = 1
exclude_mask = 6
enabled = true
override_global_seed = false
custom_seed = 0
restrict_height = false
reference_frame = 0

[sub_resource type="Resource" id="Resource_sqv5l"]
script = ExtResource("7_1xax6")
stack = Array[ExtResource("8_g7tkf")]([SubResource("Resource_nm6kf"), SubResource("Resource_88m6t"), SubResource("Resource_oub7f"), SubResource("Resource_p5q6g")])

[sub_resource type="Resource" id="Resource_7plwd"]
script = ExtResource("15_1xax6")
size = Vector3(21.5407, 1, 21.3808)

[sub_resource type="Curve3D" id="Curve3D_agrr7"]
_data = {
"points": PackedVector3Array(0, 0, 0, 0, 0, 0, -10.6687, 0, 11.1682, 0, 0, 0, 0, 0, 0, -8.97615, 0, 11.0453, 0, 0, 0, 0, 0, 0, -6.19629, 0, 10.6966, 0, 0, 0, 0, 0, 0, -3.08327, 0, 10.3, 0, 0, 0, 0, 0, 0, 0.253889, 0, 9.80331, 0, 0, 0, 0, 0, 0, 0.00635242, 0, 8.43174, 0, 0, 0, 0, 0, 0, -0.153195, 0, 7.52847, 0, 0, 0, 0, 0, 0, -0.0492067, 0, 6.90423, 0, 0, 0, 0, 0, 0, 0.419199, 0, 6.74832, 0, 0, 0, 0, 0, 0, 8.98869, 0, 5.36729, 0, 0, 0, 0, 0, 0, 10.4528, 0, 4.88128),
"tilts": PackedFloat32Array(0, 0, 0, 0, 0, 0, 0, 0, 0, 0, 0)
}
point_count = 11

[sub_resource type="Resource" id="Resource_b2isc"]
script = ExtResource("16_6gwlt")
closed = true
thickness = 2.0
curve = SubResource("Curve3D_agrr7")

[sub_resource type="Resource" id="Resource_qg8x4"]
script = ExtResource("17_c2nc4")
radius = 3.16713

[sub_resource type="Resource" id="Resource_tsudw"]
script = ExtResource("9_4fww7")
amount = 2000
enabled = true
override_global_seed = false
custom_seed = 0
restrict_height = true
reference_frame = 1

[sub_resource type="Resource" id="Resource_71yoy"]
script = ExtResource("10_gvm5i")
position = Vector3(0.15, 0.15, 0.15)
rotation = Vector3(20, 360, 20)
scale = Vector3(0.1, 0.1, 0.1)
enabled = true
override_global_seed = false
custom_seed = 0
restrict_height = false
reference_frame = 2

[sub_resource type="Resource" id="Resource_u1mjy"]
script = ExtResource("11_jrfo0")
iterations = 3
offset_step = 0.2
consecutive_step_multiplier = 0.75
use_computeshader = true
enabled = true
override_global_seed = false
custom_seed = 0
restrict_height = true
reference_frame = 0

[sub_resource type="Resource" id="Resource_a21j6"]
script = ExtResource("12_db1r7")
ray_direction = Vector3(0, -1, 0)
ray_length = 5.0
ray_offset = 5.0
remove_points_on_miss = false
align_with_collision_normal = false
max_slope = 90.0
collision_mask = 1
exclude_mask = 0
enabled = true
override_global_seed = false
custom_seed = 0
restrict_height = false
reference_frame = 0

[sub_resource type="Resource" id="Resource_3e3xw"]
script = ExtResource("7_1xax6")
stack = Array[ExtResource("8_g7tkf")]([SubResource("Resource_tsudw"), SubResource("Resource_71yoy"), SubResource("Resource_u1mjy"), SubResource("Resource_a21j6")])

[sub_resource type="Resource" id="Resource_idf83"]
script = ExtResource("15_1xax6")
size = Vector3(9.85988, 1, 10.3046)
metadata/_custom_type_script = "uid://clewe4ga5ljbp"

[sub_resource type="Curve3D" id="Curve3D_sqv5l"]
_data = {
"points": PackedVector3Array(0, 0, 0, 0, 0, 0, -4.17853, 0, -5.1261, 0, 0, 0, 0, 0, 0, -4.83084, 0, -4.87539, 0, 0, 0, 0, 0, 0, -4.04987, 0, -5.44261, 0, 0, 0, 0, 0, 0, -5.21856, 0, -4.70203, 0, 0, 0, 0, 0, 0, -5.12091, 0, -4.41869, 0, 0, 0, 0, 0, 0, -5.53556, 0, -4.56511, 0, 0, 0, 0, 0, 0, -5.72496, 0, -4.26807),
"tilts": PackedFloat32Array(0, 0, 0, 0, 0, 0, 0)
}
point_count = 7

[sub_resource type="Resource" id="Resource_gr08b"]
script = ExtResource("16_6gwlt")
closed = true
thickness = 1.0
curve = SubResource("Curve3D_sqv5l")
metadata/_custom_type_script = "uid://bmbv8wopn2cti"

[sub_resource type="Resource" id="Resource_u1mhv"]
script = ExtResource("9_4fww7")
amount = 10
enabled = true
override_global_seed = false
custom_seed = 0
restrict_height = true
reference_frame = 1

[sub_resource type="Resource" id="Resource_5ol6i"]
script = ExtResource("10_gvm5i")
position = Vector3(0.15, 0.15, 0.15)
rotation = Vector3(20, 360, 20)
scale = Vector3(1, 1, 1)
enabled = true
override_global_seed = false
custom_seed = 0
restrict_height = false
reference_frame = 2

[sub_resource type="Resource" id="Resource_nimoc"]
script = ExtResource("11_jrfo0")
iterations = 3
offset_step = 0.2
consecutive_step_multiplier = 0.75
use_computeshader = true
enabled = true
override_global_seed = false
custom_seed = 0
restrict_height = true
reference_frame = 0

[sub_resource type="Resource" id="Resource_c52q8"]
script = ExtResource("12_db1r7")
ray_direction = Vector3(0, -1, 0)
ray_length = 5.0
ray_offset = 5.0
remove_points_on_miss = false
align_with_collision_normal = false
max_slope = 90.0
collision_mask = 1
exclude_mask = 0
enabled = true
override_global_seed = false
custom_seed = 0
restrict_height = false
reference_frame = 0

[sub_resource type="Resource" id="Resource_2e78u"]
script = ExtResource("7_1xax6")
stack = Array[ExtResource("8_g7tkf")]([SubResource("Resource_u1mhv"), SubResource("Resource_5ol6i"), SubResource("Resource_nimoc"), SubResource("Resource_c52q8")])

[sub_resource type="Resource" id="Resource_mcic2"]
script = ExtResource("15_1xax6")
size = Vector3(16.9097, 1, 15.8453)
metadata/_custom_type_script = "uid://clewe4ga5ljbp"

[sub_resource type="Resource" id="Resource_0p1sx"]
script = ExtResource("9_4fww7")
amount = 2000
enabled = true
override_global_seed = false
custom_seed = 0
restrict_height = true
reference_frame = 1

[sub_resource type="Resource" id="Resource_qncc2"]
script = ExtResource("10_gvm5i")
position = Vector3(0.15, 0.15, 0.15)
rotation = Vector3(20, 360, 20)
scale = Vector3(0.1, 0.1, 0.1)
enabled = true
override_global_seed = false
custom_seed = 0
restrict_height = false
reference_frame = 2

[sub_resource type="Resource" id="Resource_wkw6o"]
script = ExtResource("11_jrfo0")
iterations = 3
offset_step = 0.2
consecutive_step_multiplier = 0.75
use_computeshader = true
enabled = true
override_global_seed = false
custom_seed = 0
restrict_height = true
reference_frame = 0

[sub_resource type="Resource" id="Resource_78o28"]
script = ExtResource("12_db1r7")
ray_direction = Vector3(0, -1, 0)
ray_length = 5.0
ray_offset = 5.0
remove_points_on_miss = false
align_with_collision_normal = false
max_slope = 90.0
collision_mask = 1
exclude_mask = 0
enabled = true
override_global_seed = false
custom_seed = 0
restrict_height = false
reference_frame = 0

[sub_resource type="Resource" id="Resource_bx7ib"]
script = ExtResource("7_1xax6")
stack = Array[ExtResource("8_g7tkf")]([SubResource("Resource_0p1sx"), SubResource("Resource_qncc2"), SubResource("Resource_wkw6o"), SubResource("Resource_78o28")])

[sub_resource type="Resource" id="Resource_01mkw"]
script = ExtResource("15_1xax6")
size = Vector3(22.4637, 1, 10.0064)
metadata/_custom_type_script = "uid://clewe4ga5ljbp"

[sub_resource type="Resource" id="Resource_0bmoe"]
script = ExtResource("17_c2nc4")
radius = 1.97731
metadata/_custom_type_script = "uid://b2xeovxrqw6sq"

[sub_resource type="Resource" id="Resource_pw80n"]
script = ExtResource("9_4fww7")
amount = 4000
enabled = true
override_global_seed = false
custom_seed = 0
restrict_height = true
reference_frame = 1

[sub_resource type="Resource" id="Resource_6maf1"]
script = ExtResource("10_gvm5i")
position = Vector3(0.15, 0.15, 0.15)
rotation = Vector3(20, 360, 20)
scale = Vector3(0.1, 0.1, 0.1)
enabled = true
override_global_seed = false
custom_seed = 0
restrict_height = false
reference_frame = 2

[sub_resource type="Resource" id="Resource_78e70"]
script = ExtResource("11_jrfo0")
iterations = 3
offset_step = 0.2
consecutive_step_multiplier = 0.75
use_computeshader = true
enabled = true
override_global_seed = false
custom_seed = 0
restrict_height = true
reference_frame = 0

[sub_resource type="Resource" id="Resource_tbq4l"]
script = ExtResource("12_db1r7")
ray_direction = Vector3(0, -1, 0)
ray_length = 5.0
ray_offset = 5.0
remove_points_on_miss = false
align_with_collision_normal = false
max_slope = 90.0
collision_mask = 1
exclude_mask = 0
enabled = true
override_global_seed = false
custom_seed = 0
restrict_height = false
reference_frame = 0

[sub_resource type="Resource" id="Resource_2448u"]
script = ExtResource("7_1xax6")
stack = Array[ExtResource("8_g7tkf")]([SubResource("Resource_pw80n"), SubResource("Resource_6maf1"), SubResource("Resource_78e70"), SubResource("Resource_tbq4l")])

[sub_resource type="Resource" id="Resource_2poe7"]
script = ExtResource("15_1xax6")
size = Vector3(37.9225, 1, 14.7536)
metadata/_custom_type_script = "uid://clewe4ga5ljbp"

[sub_resource type="Curve3D" id="Curve3D_nbo2r"]
_data = {
"points": PackedVector3Array(0, 0, 0, 0, 0, 0, -7.33507, 0, -7.06708, 0, 0, 0, 0, 0, 0, -2.55466, 0, -6.58798, 0, 0, 0, 0, 0, 0, 3.18921, 0, -6.24753, 0, 0, 0, 0, 0, 0, 7.66795, 0, -6.31736, 0, 0, 0, 0, 0, 0, 11.3396, 0, -6.22838, 0, 0, 0, 0, 0, 0, 12.8199, 0, -6.21195, 0, 0, 0, 0, 0, 0, 15.245, 0, -5.86005, 0, 0, 0, 0, 0, 0, 17.566, 0, -5.31371, 0, 0, 0, 0, 0, 0, 19.2289, 0, -5.36348),
"tilts": PackedFloat32Array(0, 0, 0, 0, 0, 0, 0, 0, 0)
}
point_count = 9

[sub_resource type="Resource" id="Resource_2s8vu"]
script = ExtResource("16_6gwlt")
closed = true
thickness = 3.5
curve = SubResource("Curve3D_nbo2r")
metadata/_custom_type_script = "uid://bmbv8wopn2cti"

[sub_resource type="Curve3D" id="Curve3D_2drfn"]
_data = {
"points": PackedVector3Array(0, 0, 0, 0, 0, 0, -13.7457, 0, -7.48636, 0, 0, 0, 0, 0, 0, -15.6206, 0, -0.36034, 0, 0, 0, 0, 0, 0, -18.8766, 0, -1.12796, 0, 0, 0, 0, 0, 0, -18.8461, 0, -7.91921),
"tilts": PackedFloat32Array(0, 0, 0, 0)
}
point_count = 4

[sub_resource type="Resource" id="Resource_2463x"]
script = ExtResource("16_6gwlt")
closed = true
thickness = 1.0
curve = SubResource("Curve3D_2drfn")
metadata/_custom_type_script = "uid://bmbv8wopn2cti"

[node name="Level1" type="Node3D"]

[node name="player" parent="." instance=ExtResource("1_dd0lh")]
transform = Transform3D(1, 0, 0, 0, 1, 0, 0, 0, 1, 0, 1, 0)

[node name="readyToSlide" type="Timer" parent="player"]
wait_time = 2.0
one_shot = true

[node name="RayCastAbove" type="RayCast3D" parent="player"]
transform = Transform3D(1, 0, 0, 0, 1, 0, 0, 0, 1, 0, 1.65097, 0)
target_position = Vector3(0, 0.5, 0)

[node name="RayCastClimb" type="RayCast3D" parent="player"]
transform = Transform3D(1, 0, 0, 0, 0.00966899, 0.999953, 0, -0.999953, 0.00966899, 0, 1.65097, 0)
target_position = Vector3(0, 0.5, 0)

[node name="RayCastClimb2" type="RayCast3D" parent="player"]
transform = Transform3D(1, 0, 0, 0, 0.00966899, 0.999953, 0, -0.999953, 0.00966899, 0, 2.03589, 0)
target_position = Vector3(0, 0.8, 0)

[node name="RayCastRight" type="RayCast3D" parent="player"]
transform = Transform3D(1, 0, 0, 0, 1, 0, 0, 0, 1, 0, 0.899915, 0)
target_position = Vector3(0.5, 0, 0)

[node name="RayCastLeft" type="RayCast3D" parent="player"]
transform = Transform3D(1, 0, 0, 0, 1, 0, 0, 0, 1, 0, 0.899915, 0)
target_position = Vector3(-0.5, 0, 0)

[node name="Environment" type="Node" parent="."]

[node name="water" type="MeshInstance3D" parent="Environment"]
mesh = SubResource("PlaneMesh_1seuy")
skeleton = NodePath("")

[node name="Daytime_Cycle" parent="Environment" instance=ExtResource("3_dywbp")]
day_time = 13.71

[node name="Level_geometry" type="Node" parent="Environment"]

[node name="CSGBox3D9" type="CSGBox3D" parent="Environment/Level_geometry"]
transform = Transform3D(-0.836889, 0, 0.547373, -0.0109762, 0.999799, -0.0167817, -0.547263, -0.0200525, -0.83672, 33.846, -0.835535, -18.9722)
material_override = ExtResource("4_1seuy")
use_collision = true
collision_mask = 7
size = Vector3(23.1321, 27.7476, 12.6421)

[node name="CSGBox3D33" type="CSGBox3D" parent="Environment/Level_geometry"]
transform = Transform3D(0.94389, -0.00275762, -0.33025, 0.0026029, 0.999996, -0.000910707, 0.330252, 0, 0.943894, 60.4279, 1.64873, 1.10601)
material_override = ExtResource("4_1seuy")
use_collision = true
collision_mask = 7
size = Vector3(27.1384, 19.5522, 22.3701)

[node name="CSGBox3D14" type="CSGBox3D" parent="Environment/Level_geometry"]
transform = Transform3D(0.924666, 0, -0.38078, 0, 1, 0, 0.38078, 0, 0.924666, 43.5583, -0.449134, -5.10639)
material_override = ExtResource("4_1seuy")
use_collision = true
collision_mask = 7
size = Vector3(10.722, 16.1437, 22.2031)

[node name="CSGBox3D12" type="CSGBox3D" parent="Environment/Level_geometry"]
transform = Transform3D(0.836305, 0, -0.548264, 0, 1, 0, 0.548264, 0, 0.836305, 38.1376, -1.07554, -6.74362)
material_override = ExtResource("5_2r1tl")
use_collision = true
collision_mask = 7
size = Vector3(43.07, 1, 22.2031)

[node name="CSGBox3D28" type="CSGBox3D" parent="Environment/Level_geometry"]
transform = Transform3D(0.68691, 0, 0.726741, 0, 1, 0, -0.726741, 0, 0.68691, -26.8387, -1.06515, 16.3083)
material_override = ExtResource("5_2r1tl")
use_collision = true
collision_mask = 7
size = Vector3(47.7054, 1, 22.2031)

[node name="CSGBox3D45" type="CSGBox3D" parent="Environment/Level_geometry"]
transform = Transform3D(0.836219, 0, -0.548379, 0, 1, 0, 0.548379, 0, 0.836219, 96.2837, -1.29096, 25.4307)
material_override = ExtResource("5_2r1tl")
use_collision = true
collision_mask = 7
size = Vector3(66.4028, 1, 21.075)

[node name="CSGBox3D40" type="CSGBox3D" parent="Environment/Level_geometry"]
transform = Transform3D(0.525408, 0, -0.850845, 0, 1, 0, 0.850845, 0, 0.525408, 33.1897, -1.05546, 49.1638)
material_override = ExtResource("5_2r1tl")
use_collision = true
collision_mask = 7
size = Vector3(75.4776, 1, 72.0978)

[node name="CSGBox3D60" type="CSGBox3D" parent="Environment/Level_geometry"]
transform = Transform3D(-0.447884, 0, -0.894082, 0, 1, 0, 0.894082, 0, -0.447884, 46.7296, -1.04394, 95.1264)
material_override = ExtResource("5_2r1tl")
use_collision = true
collision_mask = 7
size = Vector3(123.955, 1, 132.666)

[node name="CSGBox3D27" type="CSGBox3D" parent="Environment/Level_geometry"]
transform = Transform3D(-0.873328, 0, 0.487128, 0, 1, 0, -0.487128, 0, -0.873328, -9.15196, -1.06433, 28.6391)
material_override = ExtResource("5_2r1tl")
use_collision = true
collision_mask = 7
size = Vector3(43.07, 1, 45.0867)

[node name="CSGBox3D8" type="CSGBox3D" parent="Environment/Level_geometry"]
transform = Transform3D(0.972504, 0, 0.232885, 0, 1, 0, -0.232885, 0, 0.972504, 5.10312, -1.06597, -2.81631)
material_override = ExtResource("5_2r1tl")
use_collision = true
collision_mask = 7
size = Vector3(43.07, 1, 22.2031)

[node name="CSGBox3D24" type="CSGBox3D" parent="Environment/Level_geometry"]
transform = Transform3D(-0.917442, -0.00681984, 0.397818, -0.00797051, 0.999961, -0.00123416, -0.397799, -0.00430288, -0.917464, -17.6473, 4.05189, 18.8688)
material_override = ExtResource("4_1seuy")
use_collision = true
collision_mask = 7
size = Vector3(22.288, 14.4107, 24.1339)

[node name="CSGBox3D23" type="CSGBox3D" parent="Environment/Level_geometry"]
transform = Transform3D(0.951355, -0.16819, -0.258146, 0.16366, 0.985738, -0.0390981, 0.261043, -0.00505196, 0.965315, -28.7372, 16.1662, 28.9134)
material_override = ExtResource("4_1seuy")
use_collision = true
collision_mask = 7
size = Vector3(13.0055, 48.5756, 6.40612)

[node name="CSGBox3D22" type="CSGBox3D" parent="Environment/Level_geometry"]
transform = Transform3D(-0.967374, 0.0432487, 0.249639, 0.0194932, 0.995107, -0.0968596, -0.252607, -0.0888329, -0.963483, -9.38297, 26.0188, 29.8279)
material_override = ExtResource("4_1seuy")
use_collision = true
collision_mask = 7
size = Vector3(23.1321, 35.2189, 7.46356)

[node name="CSGBox3D30" type="CSGBox3D" parent="Environment/Level_geometry"]
transform = Transform3D(-0.932567, 0.0136139, 0.360745, 0.0592403, 0.991514, 0.115724, -0.356109, 0.129292, -0.925458, -29.759, 76.053, 69.7745)
material_override = ExtResource("4_1seuy")
use_collision = true
collision_mask = 7
size = Vector3(35.2355, 168.504, 36.0763)

[node name="CSGBox3D38" type="CSGBox3D" parent="Environment/Level_geometry"]
transform = Transform3D(-0.413901, 0.0101632, 0.910267, 0.00787478, 0.999941, -0.00758384, -0.91029, 0.00402933, -0.413956, -9.66455, 32.2781, 70.5736)
material_override = ExtResource("4_1seuy")
use_collision = true
collision_mask = 7
size = Vector3(23.1321, 71.7307, 32.0774)

[node name="CSGBox3D29" type="CSGBox3D" parent="Environment/Level_geometry"]
transform = Transform3D(-0.716518, 0.013624, -0.697437, 0.0132699, 0.999895, 0.00589925, 0.697444, -0.00502785, -0.716623, 0.434445, 23.5741, 47.1815)
material_override = ExtResource("4_1seuy")
use_collision = true
collision_mask = 7
size = Vector3(23.526, 66.0521, 12.6421)

[node name="CSGBox3D21" type="CSGBox3D" parent="Environment/Level_geometry"]
transform = Transform3D(0.898789, 0.0583147, -0.434486, -0.0124679, 0.994112, 0.107634, 0.438205, -0.0913227, 0.894225, 5.19625, 19.9373, 33.8781)
material_override = ExtResource("4_1seuy")
use_collision = true
collision_mask = 7
size = Vector3(23.1321, 50.2944, 12.6421)

[node name="CSGBox3D39" type="CSGBox3D" parent="Environment/Level_geometry"]
transform = Transform3D(0.835827, 0, -0.548994, 0, 1, 0, 0.548994, 0, 0.835827, 59.1128, 14.3003, 32.8436)
material_override = ExtResource("4_1seuy")
use_collision = true
collision_mask = 7
size = Vector3(28.5934, 38.3486, 12.6421)

[node name="CSGBox3D31" type="CSGBox3D" parent="Environment/Level_geometry"]
transform = Transform3D(0.98737, 0, -0.158434, 0, 1, 0, 0.158434, 0, 0.98737, 35.9142, 18.0984, 23.3195)
material_override = ExtResource("4_1seuy")
use_collision = true
collision_mask = 7
size = Vector3(27.8919, 38.3486, 11.7739)

[node name="CSGBox3D36" type="CSGBox3D" parent="Environment/Level_geometry"]
transform = Transform3D(0.973866, 0.111564, -0.197836, -0.0536703, 0.959416, 0.27684, 0.220693, -0.258988, 0.940331, 29.4949, 53.3891, 16.9642)
material_override = ExtResource("4_1seuy")
use_collision = true
collision_mask = 7
size = Vector3(21.084, 36.9453, 7.92749)

[node name="CSGBox3D35" type="CSGBox3D" parent="Environment/Level_geometry"]
transform = Transform3D(0.732508, 0.167965, -0.659712, -0.0159878, 0.973061, 0.229994, 0.680571, -0.157925, 0.71546, 17.7406, 53.0656, 13.4163)
material_override = ExtResource("4_1seuy")
use_collision = true
collision_mask = 7
size = Vector3(11.0511, 40.5108, 10.0442)

[node name="CSGBox3D6" type="CSGBox3D" parent="Environment/Level_geometry"]
transform = Transform3D(-0.71292, 0, 0.701245, 0, 1, 0, -0.701245, 0, -0.71292, 15.4388, 18.616, 14.4439)
material_override = ExtResource("4_1seuy")
use_collision = true
collision_mask = 7
size = Vector3(23.1321, 37.3476, 12.6421)

[node name="CSGBox3D37" type="CSGBox3D" parent="Environment/Level_geometry"]
transform = Transform3D(0.150462, -0.417169, 0.896286, 0.968974, 0.242048, -0.0500047, -0.196084, 0.876003, 0.440646, 25.7853, 61.2706, 3.16697)
material_override = ExtResource("4_1seuy")
use_collision = true
collision_mask = 7
size = Vector3(9.29492, 21.0239, 16.1075)

[node name="CSGBox3D34" type="CSGBox3D" parent="Environment/Level_geometry"]
transform = Transform3D(0.315478, -0.113797, 0.942085, 0.248812, 0.967968, 0.0336033, -0.915732, 0.223801, 0.333687, 30.7572, 49.3684, -7.63108)
material_override = ExtResource("4_1seuy")
use_collision = true
collision_mask = 7
size = Vector3(10.9507, 28.8838, 14.028)

[node name="CSGBox3D13" type="CSGBox3D" parent="Environment/Level_geometry"]
transform = Transform3D(0.55639, -0.0416489, 0.829876, 0.136983, 0.989675, -0.0421712, -0.819552, 0.137142, 0.556351, 32.6789, 22.4127, -17.3833)
material_override = ExtResource("4_1seuy")
use_collision = true
collision_mask = 7
size = Vector3(11.0669, 28.8838, 20.0384)

[node name="CSGBox3D11" type="CSGBox3D" parent="Environment/Level_geometry"]
transform = Transform3D(0.553008, 0.135018, 0.822163, -0.21683, 0.976102, -0.0144532, -0.804467, -0.170277, 0.569068, 29.9568, 23.4055, -4.38637)
material_override = ExtResource("4_1seuy")
use_collision = true
collision_mask = 7
size = Vector3(10.0645, 28.8838, 21.9352)

[node name="CSGBox3D10" type="CSGBox3D" parent="Environment/Level_geometry"]
transform = Transform3D(0.592503, 0.0281908, 0.805075, -0.112591, 0.992476, 0.0481099, -0.797661, -0.11915, 0.591219, 31.0885, 19.8271, -7.20349)
material_override = ExtResource("4_1seuy")
use_collision = true
collision_mask = 7
size = Vector3(6.19702, 24.9321, 21.8337)

[node name="CSGBox3D44" type="CSGBox3D" parent="Environment/Level_geometry"]
transform = Transform3D(0.828461, 0.00943155, 0.559968, 0.012862, 0.999274, -0.0358598, -0.5599, 0.0369107, 0.827738, 88.2353, 7.61348, 27.0213)
material_override = ExtResource("4_1seuy")
use_collision = true
collision_mask = 7
size = Vector3(6.21111, 51.888, 22.0504)

[node name="CSGBox3D42" type="CSGBox3D" parent="Environment/Level_geometry"]
transform = Transform3D(0.383563, -0.00536784, 0.923499, -0.0655799, 0.9973, 0.0330345, -0.921184, -0.0732337, 0.382175, 73.6547, 6.73351, 16.2298)
material_override = ExtResource("4_1seuy")
use_collision = true
collision_mask = 7
size = Vector3(7.51949, 50.5208, 22.0504)

[node name="CSGBox3D17" type="CSGBox3D" parent="Environment/Level_geometry"]
transform = Transform3D(0.406274, 0, 0.913751, -0.140264, 0.988148, 0.0623644, -0.902922, -0.153503, 0.401459, 53.8872, 9.41123, 10.5093)
material_override = ExtResource("4_1seuy")
use_collision = true
collision_mask = 7
size = Vector3(2.77522, 51.3673, 22.0504)

[node name="CSGBox3D43" type="CSGBox3D" parent="Environment/Level_geometry"]
transform = Transform3D(-0.544449, 0, -0.838795, 0, 1, 0, 0.838795, 0, -0.544449, 77.8845, -2.52065, 36.5381)
material_override = ExtResource("4_1seuy")
use_collision = true
collision_mask = 7
size = Vector3(26.3916, 28.0149, 18.949)

[node name="CSGBox3D41" type="CSGBox3D" parent="Environment/Level_geometry"]
transform = Transform3D(0.88056, 0, -0.473935, 0, 1, 0, 0.473935, 0, 0.88056, 66.1692, -2.36148, 22.734)
material_override = ExtResource("4_1seuy")
use_collision = true
collision_mask = 7
size = Vector3(37.1717, 27.5255, 13.7223)

[node name="CSGBox3D32" type="CSGBox3D" parent="Environment/Level_geometry"]
transform = Transform3D(-0.96968, 0, 0.244377, 0, 1, 0, -0.244377, 0, -0.96968, 38.3868, -2.46858, 11.2426)
material_override = ExtResource("4_1seuy")
use_collision = true
collision_mask = 7
size = Vector3(26.0182, 27.7476, 13.7223)

[node name="CSGBox3D3" type="CSGBox3D" parent="Environment/Level_geometry"]
transform = Transform3D(0.590662, 0, 0.806919, 0, 1, 0, -0.806919, 0, 0.590662, 25.3055, -1.23429, 1.80607)
material_override = ExtResource("4_1seuy")
use_collision = true
collision_mask = 7
size = Vector3(26.0182, 27.7476, 22.0504)

[node name="CSGBox3D46" type="CSGBox3D" parent="Environment/Level_geometry"]
transform = Transform3D(-0.733306, 0.679719, 0.0157488, -0.0293794, -0.00853711, -0.999533, -0.679266, -0.733425, 0.0262305, 76.4549, 10.4397, 11.1712)
use_collision = true
collision_mask = 7
size = Vector3(3.19324, 9.57303, 3.56126)

[node name="CSGBox3D18" type="CSGBox3D" parent="Environment/Level_geometry"]
transform = Transform3D(0.26212, -0.0625056, -0.96301, 0.0629653, 0.996883, -0.0475659, 0.96298, -0.0481682, 0.265238, 56.9999, 2.87418, -23.3628)
material_override = ExtResource("4_1seuy")
use_collision = true
collision_mask = 7
size = Vector3(3.19324, 9.57303, 3.56126)

[node name="CSGBox3D5" type="CSGBox3D" parent="Environment/Level_geometry"]
transform = Transform3D(-0.794393, 0.0400451, 0.606084, -0.0389277, 0.992417, -0.116593, -0.606156, -0.116214, -0.78681, 10.2709, 3.02886, -25.5451)
material_override = ExtResource("4_1seuy")
use_collision = true
collision_mask = 7
size = Vector3(3.19324, 9.57303, 3.56126)

[node name="CSGBox3D16" type="CSGBox3D" parent="Environment/Level_geometry"]
transform = Transform3D(-0.444401, -0.0328946, 0.895224, -0.211812, 0.974848, -0.069326, -0.870428, -0.220428, -0.440191, 38.6784, 5.75136, -33.7469)
material_override = ExtResource("4_1seuy")
use_collision = true
collision_mask = 7
size = Vector3(3.19324, 32.1328, 5.27477)

[node name="CSGBox3D15" type="CSGBox3D" parent="Environment/Level_geometry"]
transform = Transform3D(-0.52105, -0.119723, -0.845088, -0.0389277, 0.992417, -0.116593, 0.852638, -0.0278536, -0.521759, -36.3765, 6.44986, -11.6397)
material_override = ExtResource("4_1seuy")
use_collision = true
collision_mask = 7
size = Vector3(3.19324, 19.3231, 3.56126)

[node name="CSGBox3D26" type="CSGBox3D" parent="Environment/Level_geometry"]
transform = Transform3D(0.331447, -0.383225, 0.862139, 0.0653457, 0.920921, 0.384232, -0.941209, -0.0710153, 0.330278, -46.2817, 0.997337, -0.226011)
material_override = ExtResource("4_1seuy")
use_collision = true
collision_mask = 7
size = Vector3(1.72015, 7.04401, 1.84216)

[node name="CSGBox3D25" type="CSGBox3D" parent="Environment/Level_geometry"]
transform = Transform3D(-0.812355, -0.0993752, -0.574634, -0.0389277, 0.992417, -0.116593, 0.581863, -0.072346, -0.810063, -40.3042, 2.21146, 17.7364)
material_override = ExtResource("4_1seuy")
use_collision = true
collision_mask = 7
size = Vector3(3.19324, 12.7714, 3.56126)

[node name="CSGBox3D4" type="CSGBox3D" parent="Environment/Level_geometry"]
transform = Transform3D(-0.302237, 0, 0.953233, -0.0993752, 0.994551, -0.0315084, -0.948039, -0.104251, -0.30059, -15.442, 1.61549, -22.8051)
material_override = ExtResource("4_1seuy")
use_collision = true
collision_mask = 7
size = Vector3(3.19324, 9.57303, 3.56126)

[node name="CSGBox3D2" type="CSGBox3D" parent="Environment/Level_geometry"]
transform = Transform3D(0.971805, 0, 0.235787, 0, 1, 0, -0.235787, 0, 0.971805, 1.07798, 37.0853, 7.68679)
material_override = ExtResource("4_1seuy")
use_collision = true
collision_mask = 7
size = Vector3(23.1321, 75.1708, 5.92963)

[node name="CSGBox3D20" type="CSGBox3D" parent="Environment/Level_geometry"]
transform = Transform3D(0.622012, 0, 0.783017, 0, 1, 0, -0.783017, 0, 0.622012, -16.1105, 3.42859, 7.30672)
material_override = ExtResource("4_1seuy")
use_collision = true
collision_mask = 7
size = Vector3(6.47086, 12.8101, 17.38)

[node name="CSGBox3D19" type="CSGBox3D" parent="Environment/Level_geometry"]
transform = Transform3D(0.88072, 0, 0.473645, 0, 1, 0, -0.473645, 0, 0.88072, -14.9105, 2.85496, 6.54348)
material_override = ExtResource("4_1seuy")
use_collision = true
collision_mask = 7
size = Vector3(6.47086, 8.49463, 16.9772)

[node name="CSGBox3D7" type="CSGBox3D" parent="Environment/Level_geometry"]
transform = Transform3D(0.936788, 0, 0.349897, 0, 1, 0, -0.349897, 0, 0.936788, -12.489, 1.19865, 5.49326)
material_override = ExtResource("4_1seuy")
use_collision = true
collision_mask = 7
size = Vector3(3.88981, 5.59668, 16.7925)

[node name="CSGBox3D" type="CSGBox3D" parent="Environment/Level_geometry"]
transform = Transform3D(0.948942, 0, 0.31545, 0, 1, 0, -0.31545, 0, 0.948942, 7.62039, 0, -0.740144)
material_override = ExtResource("5_2r1tl")
use_collision = true
collision_mask = 7
size = Vector3(40.2816, 1, 17.0293)

[node name="CSGBox3D47" type="CSGBox3D" parent="Environment/Level_geometry"]
transform = Transform3D(-0.732794, 0.675858, -0.078942, 0.128116, 0.023099, -0.991491, -0.668283, -0.736672, -0.103514, 86.0831, 10.4397, 13.7324)
use_collision = true
collision_mask = 7
size = Vector3(3.19324, 9.57303, 3.56126)

[node name="CSGBox3D48" type="CSGBox3D" parent="Environment/Level_geometry"]
transform = Transform3D(-0.999721, 0.00570166, -0.0229863, -0.00537835, -0.999888, -0.0141062, -0.0230646, -0.0139788, 0.999638, 95.2484, 3.91618, 16.3059)
material_override = ExtResource("4_1seuy")
use_collision = true
collision_mask = 7
size = Vector3(5.89252, 9.57303, 6.9193)

[node name="CSGBox3D50" type="CSGBox3D" parent="Environment/Level_geometry"]
transform = Transform3D(0.838769, 0.540187, 0.0683254, 0.0092779, 0.111289, -0.993746, -0.544411, 0.834157, 0.0883336, 100.837, 3.41867, 25.1673)
material_override = ExtResource("4_1seuy")
use_collision = true
collision_mask = 7
size = Vector3(2.74948, 3.56247, 11.0256)

[node name="CSGBox3D51" type="CSGBox3D" parent="Environment/Level_geometry"]
transform = Transform3D(-0.730854, 0.0174864, 0.682313, 0.0195788, 0.999797, -0.00465131, -0.682256, 0.00995954, -0.731048, 96.7961, 30.3063, 51.5548)
material_override = ExtResource("4_1seuy")
use_collision = true
collision_mask = 7
size = Vector3(34.4475, 83.7563, 29.3736)

[node name="CSGBox3D52" type="CSGBox3D" parent="Environment/Level_geometry"]
transform = Transform3D(-0.736607, 0.675858, 0.0250842, -0.0128471, 0.023099, -0.999651, -0.676201, -0.736672, -0.00833127, 101.933, 11.607, 33.5143)
material_override = ExtResource("4_1seuy")
use_collision = true
collision_mask = 7
size = Vector3(3.19324, 8.99306, 6.42858)

[node name="CSGBox3D49" type="CSGBox3D" parent="Environment/Level_geometry"]
transform = Transform3D(0.838769, 0.540187, 0.0683254, 0.0092779, 0.111289, -0.993746, -0.544411, 0.834157, 0.0883336, 98.9715, 7.32502, 22.3219)
material_override = ExtResource("4_1seuy")
use_collision = true
collision_mask = 7
size = Vector3(3.19324, 9.57303, 3.56126)

[node name="CSGBox3D53" type="CSGBox3D" parent="Environment/Level_geometry"]
transform = Transform3D(-0.0368617, 0.999227, 0.0137381, -0.031073, 0.0125949, -0.999439, -0.998838, -0.0372677, 0.0305852, 98.2589, 10.6148, 33.4481)
material_override = ExtResource("4_1seuy")
use_collision = true
collision_mask = 7
size = Vector3(4.26699, 9.43739, 3.56126)

[node name="CSGBox3D54" type="CSGBox3D" parent="Environment/Level_geometry"]
transform = Transform3D(-0.859258, 0.507554, 0.0637695, -0.0487433, 0.0428562, -0.997892, -0.509217, -0.860555, -0.0120842, 108.235, 15.5572, 36.383)
use_collision = true
collision_mask = 7
size = Vector3(3.19324, 8.10764, 3.80658)

[node name="CSGBox3D55" type="CSGBox3D" parent="Environment/Level_geometry"]
transform = Transform3D(-0.859317, 0.508361, 0.0560977, -0.0605338, 0.00781969, -0.998136, -0.507851, -0.86111, 0.0240537, 111.563, 19.8469, 42.3629)
use_collision = true
collision_mask = 7
size = Vector3(3.19324, 14.6573, 1.99362)

[node name="CSGBox3D56" type="CSGBox3D" parent="Environment/Level_geometry"]
transform = Transform3D(-0.861145, 0.508361, -0.00117122, 0.00597659, 0.00781969, -0.999952, -0.508326, -0.86111, -0.00977182, 110.836, 24.6809, 43.5075)
use_collision = true
collision_mask = 7
size = Vector3(3.19324, 6.12336, 11.7034)

[node name="CSGBox3D57" type="CSGBox3D" parent="Environment/Level_geometry"]
transform = Transform3D(-0.666325, -0.745663, 0.00052424, -0.0487433, 0.0428562, -0.997892, 0.744068, -0.664946, -0.0649023, 103.159, 28.7382, 37.9676)
use_collision = true
collision_mask = 7
size = Vector3(3.19324, 8.10764, 3.80658)

[node name="CSGBox3D59" type="CSGBox3D" parent="Environment/Level_geometry"]
transform = Transform3D(-0.667869, -0.737699, -0.0987621, 0.0177935, 0.116832, -0.992993, 0.744068, -0.664946, -0.0649023, 94.3817, 29.9287, 30.175)
use_collision = true
collision_mask = 7
size = Vector3(3.19324, 8.10764, 3.80658)

[node name="CSGBox3D61" type="CSGBox3D" parent="Environment/Level_geometry"]
transform = Transform3D(0.157645, 0.987411, -0.0130675, -0.0293794, -0.0085371, -0.999533, -0.98706, 0.157955, 0.0276641, 67.9625, 19.3338, 23.2837)
material_override = ExtResource("4_1seuy")
use_collision = true
collision_mask = 7
size = Vector3(3.19324, 3.79872, 21.3086)

[node name="CSGBox3D62" type="CSGBox3D" parent="Environment/Level_geometry"]
transform = Transform3D(0.753923, 0.0800555, -0.652068, -0.0124679, 0.994112, 0.107634, 0.656845, -0.0730175, 0.750482, 18.6266, 33.7586, 26.0237)
material_override = ExtResource("4_1seuy")
use_collision = true
collision_mask = 7
size = Vector3(10.7394, 8.11563, 18.4938)

[node name="CSGBox3D63" type="CSGBox3D" parent="Environment/Level_geometry"]
transform = Transform3D(0.988493, -0.132883, 0.0723, 0.0705227, -0.0180424, -0.997348, 0.133835, 0.99097, -0.00846401, 98.4967, 3.58911, 30.2724)
material_override = ExtResource("4_1seuy")
use_collision = true
collision_mask = 7
size = Vector3(11.078, 4.00672, 11.0256)

[node name="CSGBox3D64" type="CSGBox3D" parent="Environment/Level_geometry"]
transform = Transform3D(0.770237, 0.371528, -0.518366, -0.427479, 0.903937, 0.0126904, 0.473284, 0.211815, 0.855066, 66.5522, 76.0052, 36.8713)
material_override = ExtResource("4_1seuy")
use_collision = true
collision_mask = 7
size = Vector3(12.0363, 98.9379, 14.2486)

[node name="CSGBox3D66" type="CSGBox3D" parent="Environment/Level_geometry"]
transform = Transform3D(-0.730854, -0.0338645, 0.681696, 0.0195788, 0.997317, 0.0705344, -0.682256, 0.064897, -0.72823, 103.923, 87.7146, 42.333)
